1 497 559 278 53 171 0
2 496 556 275 54 145 8
3 499 554 278 52 146 15
4 504 553 284 50 146 23
5 511 552 286 49 146 30
6 520 551 293 48 147 38
7 531 551 310 48 146 45
8 544 550 335 47 147 53
9 560 550 362 46 148 61
10 579 549 380 46 148 68
11 601 546 408 46 148 76
12 627 541 431 46 148 83
13 658 535 444 46 148 91
14 690 527 459 47 149 98
15 725 519 466 47 149 106
16 760 510 477 47 149 113
17 793 500 486 47 150 121
18 825 489 482 47 150 128
19 855 477 481 47 150 136
20 883 463 488 47 151 143
21 908 448 485 48 152 151
22 929 433 495 48 152 158
23 947 418 493 48 153 166
24 960 405 492 48 155 173
25 969 395 491 48 157 181
26 972 386 485 47 158 188
27 972 379 471 47 158 196
28 969 374 458 46 160 203
29 962 370 444 46 161 211
30 951 367 438 46 162 218
31 938 367 436 46 163 226
32 922 367 432 45 163 233
33 906 368 438 45 164 241
34 891 370 439 45 164 248
35 878 373 444 44 165 256
36 870 375 440 44 165 263
37 865 376 439 44 165 271
38 864 377 414 43 165 278
39 865 379 400 44 164 286
40 870 380 401 44 164 293
41 878 382 405 44 164 301
42 888 384 406 44 164 309
43 900 387 406 44 164 316
44 913 390 407 44 164 324
45 925 394 409 45 162 331
46 936 398 409 45 163 339
47 945 404 411 45 163 346
48 952 412 414 46 163 354
49 957 421 413 46 163 361
50 959 431 414 46 163 369
51 958 443 414 46 163 376
52 954 456 412 46 163 384
53 946 470 413 47 162 391
54 935 485 420 47 162 399
55 921 501 417 47 162 406
56 905 518 420 48 162 414
57 886 535 421 47 161 421
58 864 552 422 47 161 429
59 840 568 422 48 160 436
60 813 584 422 48 159 444
61 785 598 420 49 158 451
62 754 612 420 49 157 459
63 723 625 426 50 156 466
64 691 637 441 49 155 474
65 658 648 445 50 154 481
66 627 659 457 50 153 489
67 598 669 471 51 152 496
68 573 678 469 50 151 504
69 554 685 474 51 150 511
70 540 691 478 51 149 519
71 532 694 477 51 147 526
72 529 696 473 51 147 534
73 529 696 422 51 145 542
74 532 697 413 51 144 549
75 539 697 411 51 143 557
76 549 695 412 51 143 564
77 563 691 411 50 142 572
78 580 685 408 50 142 579
79 601 676 410 50 142 587
80 627 663 408 50 141 594
81 658 648 403 50 141 602
82 693 630 410 50 141 609
83 733 611 410 50 141 617
84 775 591 413 50 141 624
85 819 570 409 50 142 632
86 865 549 405 50 142 639
87 909 529 391 50 142 647
88 953 509 393 50 144 654
89 994 493 389 51 145 662
90 1030 477 385 50 148 669
91 1063 463 389 50 150 677
92 1091 451 391 49 152 684
93 1115 440 392 49 154 692
94 1135 430 395 49 157 699
95 1152 422 394 48 159 707
96 1166 414 396 47 161 714
97 1176 408 394 48 162 722
98 1184 402 393 47 163 729
99 1188 398 395 47 165 737
100 1189 395 410 46 166 744
101 1188 394 413 46 167 752
102 1183 394 411 46 167 759
103 1174 395 416 45 169 767
104 1161 399 422 45 169 775
105 1145 406 420 46 170 782
106 1127 414 427 46 170 790
107 1111 424 431 46 171 797
108 1097 434 425 46 171 805
109 1089 444 421 46 171 812
110 1085 452 414 46 170 820
111 1085 459 409 46 169 827
112 1089 464 410 46 169 835
113 1096 468 410 46 168 842
114 1106 470 412 47 168 850
115 1119 470 418 47 167 857
116 1133 470 421 47 167 865
117 1149 467 422 47 167 872
118 1166 463 421 47 167 880
119 1181 459 420 47 167 887
120 1194 455 424 47 167 895
121 1203 453 424 47 168 902
122 1209 452 423 47 168 910
123 1213 452 420 47 168 917
124 1215 453 416 47 169 925
125 1216 455 414 47 169 932
126 1216 458 417 47 169 940
127 1216 461 419 46 169 947
128 1216 464 424 46 169 955
129 1216 468 426 46 169 962
130 1216 472 426 46 169 970
131 1218 475 428 46 169 977
132 1223 479 433 47 170 985
133 1228 482 441 48 170 992
134 1235 484 446 48 170 1000
135 1242 487 446 48 170 1008
136 1249 489 446 48 171 1015
137 1257 490 446 49 171 1023
138 1265 492 444 49 171 1030
139 1274 492 430 49 172 1038
140 1285 493 405 49 172 1045
141 1296 493 367 49 172 1053
142 1307 493 322 49 173 1060
143 1316 492 245 49 173 1068
