1 496 701 429 51 170 0
2 492 703 449 46 139 7
3 492 703 437 47 139 15
4 492 705 431 48 138 22
5 495 706 427 49 138 30
6 500 709 429 50 137 37
7 508 710 439 51 137 45
8 519 710 453 52 137 52
9 533 709 463 52 137 60
10 551 705 472 53 137 67
11 573 697 489 53 137 75
12 598 688 503 53 137 82
13 626 676 500 53 137 90
14 657 663 508 54 139 97
15 688 648 511 54 139 105
16 719 633 507 54 139 112
17 749 616 515 54 140 120
18 778 599 526 54 140 127
19 804 580 517 55 141 135
20 828 560 517 54 142 142
21 848 540 521 54 144 150
22 865 521 532 54 145 157
23 877 503 534 53 147 165
24 883 490 530 54 148 172
25 884 479 528 53 149 180
26 881 472 532 53 152 187
27 870 467 502 52 153 195
28 855 465 475 51 155 202
29 834 465 467 50 155 210
30 810 467 467 50 155 217
31 785 471 473 50 156 225
32 760 476 469 50 156 233
33 738 483 471 50 156 240
34 719 489 474 49 157 248
35 706 495 478 49 157 255
36 699 500 478 49 157 263
37 699 505 463 49 157 270
38 703 508 457 48 156 278
39 714 510 453 48 156 285
40 730 510 454 48 156 293
41 750 510 454 48 155 300
42 773 509 454 49 154 308
43 798 507 460 49 154 315
44 824 505 455 49 155 323
45 849 504 455 49 155 330
46 874 504 460 49 155 338
47 896 504 458 50 156 345
48 915 508 458 50 156 353
49 931 512 461 50 155 360
50 944 518 460 51 157 368
51 953 524 459 51 157 375
52 958 532 457 51 158 383
53 960 540 456 51 158 390
54 958 549 456 51 158 398
55 952 559 458 51 158 405
56 941 572 464 51 158 413
57 924 585 467 52 157 420
58 904 601 472 52 157 428
59 879 618 470 52 157 435
60 849 635 464 53 156 443
61 817 653 461 53 156 450
62 781 671 465 53 156 458
63 743 689 465 54 153 466
64 705 707 464 55 153 473
65 667 724 469 55 150 481
66 630 740 480 55 150 488
67 596 754 493 56 148 496
68 567 766 504 56 147 503
69 544 775 523 56 145 511
70 529 780 535 56 143 518
71 521 784 542 56 140 526
72 519 785 522 56 139 533
73 522 785 508 57 138 541
74 530 784 500 56 136 548
75 544 780 492 56 136 556
76 562 773 474 55 135 563
77 585 763 459 55 135 571
78 611 749 455 55 135 578
79 643 732 447 55 134 586
80 678 712 438 55 134 593
81 717 692 451 55 134 601
82 760 670 450 55 135 608
83 805 647 439 55 136 616
84 852 624 374 55 136 623
85 899 601 311 55 139 631
86 945 579 281 55 140 638
87 989 558 283 55 141 646
88 1030 539 286 54 144 653
89 1065 521 325 55 145 661
90 1097 505 336 54 150 668
91 1125 492 352 54 152 676
92 1148 480 365 53 154 683
93 1166 471 370 53 158 691
94 1182 462 378 52 160 699
95 1193 456 379 52 162 706
96 1202 451 387 51 165 714
97 1207 448 394 50 167 721
98 1209 447 388 49 168 729
99 1209 448 369 49 168 736
100 1204 451 380 49 170 744
101 1193 456 401 49 170 751
102 1177 464 416 49 171 759
103 1156 475 423 48 171 766
104 1133 488 427 48 171 774
105 1111 502 428 49 171 781
106 1092 517 429 49 171 789
107 1078 531 427 49 171 796
108 1070 542 428 50 170 804
109 1067 551 422 50 169 811
110 1068 558 420 50 169 819
111 1073 562 420 50 168 826
112 1082 564 418 51 167 834
113 1094 564 417 51 166 841
114 1109 562 422 52 166 849
115 1128 556 431 52 164 856
116 1149 549 437 52 164 864
117 1171 540 435 52 164 871
118 1194 530 438 52 166 879
119 1217 522 437 52 166 886
120 1238 515 444 52 166 894
121 1255 511 443 52 167 901
122 1269 509 441 52 168 909
123 1278 509 439 52 170 916
124 1283 510 435 52 170 924
125 1286 513 431 52 171 932
126 1288 517 431 52 172 939
127 1289 521 434 51 173 947
128 1290 525 437 51 173 954
129 1292 530 440 51 173 962
130 1294 536 443 51 173 969
131 1296 541 445 51 173 977
132 1299 546 445 51 173 984
133 1302 551 449 51 173 992
134 1307 554 451 51 173 999
135 1313 556 456 51 173 1007
136 1320 557 462 51 173 1014
137 1328 557 463 51 173 1022
138 1337 557 463 51 173 1029
139 1349 556 464 52 172 1037
140 1361 553 463 52 174 1044
141 1374 550 463 52 174 1052
142 1387 546 461 52 174 1059
143 1397 543 461 52 175 1067
144 1406 541 449 52 175 1074
145 1411 540 443 52 176 1082
146 1414 540 429 52 176 1089
147 1415 540 349 51 178 1097
148 1415 541 272 51 179 1104
149 1414 543 149 51 179 1112
