1 577 873 310 64 129 0
2 582 880 303 66 124 7
3 586 883 290 64 124 15
4 593 886 294 62 120 22
5 601 888 313 60 120 30
6 611 889 335 59 117 37
7 621 889 361 58 116 45
8 632 886 388 58 113 52
9 643 881 420 58 112 60
10 655 874 464 57 109 67
11 667 867 489 57 109 75
12 680 857 515 57 107 82
13 694 847 537 58 108 90
14 709 835 551 58 108 97
15 724 822 567 58 108 105
16 738 808 587 59 109 112
17 753 794 603 59 109 120
18 766 779 623 59 109 127
19 780 764 639 60 109 135
20 793 747 643 60 109 142
21 806 730 654 60 109 150
22 819 711 665 61 113 157
23 831 691 681 61 113 165
24 842 671 689 61 113 173
25 853 650 694 62 115 180
26 864 628 696 62 115 188
27 873 604 707 61 117 195
28 882 579 702 61 117 203
29 890 554 698 62 120 210
30 898 529 701 61 122 218
31 904 505 704 61 122 225
32 910 482 697 61 123 233
33 915 461 698 60 125 240
34 919 443 697 59 128 248
35 921 426 702 59 129 255
36 923 412 695 58 131 263
37 924 399 689 58 132 270
38 924 388 678 57 134 278
39 924 377 673 57 135 285
40 922 369 675 56 136 293
41 920 362 669 56 136 300
42 917 357 666 55 138 308
43 913 354 662 55 139 315
44 908 354 659 55 139 323
45 902 355 657 54 140 330
46 895 359 656 54 140 338
47 888 366 655 53 140 345
48 881 374 655 53 140 353
49 873 383 658 53 140 360
50 866 393 657 53 140 368
51 858 403 657 53 140 375
52 851 415 657 53 140 383
53 843 429 664 53 140 390
54 835 444 655 53 137 398
55 827 459 654 53 137 406
56 819 477 654 52 136 413
57 812 495 659 53 135 421
58 805 513 664 53 133 428
59 800 533 660 53 133 436
60 797 553 658 53 130 443
61 794 574 658 53 129 451
62 793 594 666 54 128 458
63 793 615 669 53 127 466
64 793 635 670 54 125 473
65 796 655 671 54 124 481
66 799 675 677 55 123 488
67 804 695 683 54 119 496
68 810 714 679 55 117 503
69 816 731 678 55 116 511
70 823 747 676 55 115 518
71 830 761 678 56 112 526
72 838 771 680 56 110 533
73 846 779 683 57 109 541
74 855 784 683 57 106 548
75 864 787 687 57 104 556
76 873 787 687 57 103 563
77 882 786 690 57 103 571
78 891 782 692 58 102 578
79 900 776 699 58 102 586
80 909 768 701 58 102 593
81 918 757 703 58 102 601
82 926 744 707 58 102 608
83 935 729 708 59 102 616
84 944 713 715 59 102 623
85 954 696 721 59 104 631
86 963 679 721 59 104 638
87 973 662 716 60 106 646
88 982 645 714 60 108 654
89 991 628 708 60 109 661
90 999 611 707 60 112 669
91 1005 596 705 60 113 676
92 1009 583 692 60 118 684
93 1012 572 685 60 119 691
94 1014 564 686 59 121 699
95 1014 558 681 59 125 706
96 1014 555 677 59 127 714
97 1014 553 670 58 128 721
98 1012 553 666 58 130 729
99 1011 552 660 57 131 736
100 1009 552 657 57 132 744
101 1006 554 653 57 132 751
102 1003 556 651 57 132 759
103 999 561 650 56 134 766
104 995 568 650 56 134 774
105 991 577 652 56 134 781
106 987 589 654 56 134 789
107 983 603 660 57 132 796
108 981 618 656 57 132 804
109 980 634 653 57 132 811
110 980 650 652 56 130 819
111 981 664 653 56 130 826
112 984 676 659 57 128 834
113 987 685 664 57 127 841
114 991 692 668 58 126 849
115 996 697 668 58 124 856
116 1000 699 670 59 123 864
117 1005 701 677 59 121 871
118 1009 701 685 60 119 879
119 1014 698 696 60 118 887
120 1019 692 709 60 116 894
121 1024 683 714 60 116 902
122 1029 672 713 61 117 909
123 1034 659 714 61 117 917
124 1038 645 715 61 117 924
125 1042 630 718 61 117 932
126 1046 616 721 62 118 939
127 1049 605 726 62 120 947
128 1051 597 721 62 120 954
129 1052 593 719 61 122 962
130 1052 592 718 62 124 969
131 1052 592 718 61 126 977
132 1052 592 714 61 128 984
133 1052 592 708 60 129 992
134 1052 592 701 60 129 999
135 1052 595 702 60 131 1007
136 1052 600 703 60 131 1014
137 1052 607 703 60 131 1022
138 1052 618 701 59 132 1029
139 1052 630 700 60 131 1037
140 1053 645 702 60 131 1044
141 1055 661 704 60 131 1052
142 1058 676 709 60 129 1059
143 1062 691 718 61 128 1067
144 1068 704 716 61 128 1074
145 1075 715 719 61 126 1082
146 1082 724 724 62 124 1089
147 1090 731 730 62 123 1097
148 1098 737 733 63 121 1104
149 1107 742 742 63 119 1112
150 1115 745 749 63 116 1120
151 1125 746 759 64 116 1127
152 1135 746 771 64 116 1135
153 1145 744 781 64 114 1142
154 1155 740 790 64 114 1150
155 1164 733 792 64 114 1157
156 1173 725 798 65 115 1165
157 1181 715 807 65 115 1172
158 1188 706 818 65 115 1180
159 1193 697 826 66 116 1187
160 1197 690 829 66 116 1195
161 1199 684 827 66 119 1202
162 1200 680 830 66 119 1210
163 1201 677 826 66 121 1217
164 1201 673 823 66 121 1225
165 1201 670 813 65 123 1232
166 1200 668 801 66 124 1240
167 1199 666 772 66 126 1247
168 1197 664 724 66 126 1255
169 1195 664 634 66 126 1262
170 1192 664 438 65 128 1270
