1 534 955 384 64 116 0
2 538 951 387 59 102 8
3 542 948 388 59 100 15
4 546 945 405 57 99 23
5 550 939 446 56 97 30
6 555 933 483 56 97 38
7 561 924 514 56 96 45
8 568 913 542 56 94 53
9 577 901 569 56 93 61
10 586 886 594 57 93 68
11 595 871 611 57 93 76
12 606 854 620 58 93 83
13 616 835 624 58 93 91
14 627 816 638 59 93 98
15 638 795 649 59 93 106
16 649 773 671 60 93 113
17 660 749 676 60 95 121
18 671 725 688 61 95 128
19 682 700 699 61 97 136
20 693 674 709 62 97 143
21 704 647 701 62 99 151
22 713 618 705 63 102 158
23 723 588 713 62 104 166
24 731 558 699 62 105 173
25 738 528 702 63 108 181
26 744 500 705 63 110 188
27 749 474 693 62 114 196
28 753 453 693 62 115 203
29 755 436 696 61 119 211
30 756 424 700 60 120 218
31 756 415 695 60 124 226
32 754 410 690 59 125 233
33 750 406 683 59 127 241
34 745 403 673 57 127 248
35 738 402 663 57 128 256
36 730 402 654 56 130 263
37 721 404 651 56 131 271
38 710 410 652 56 131 278
39 700 419 653 56 131 286
40 689 431 659 55 132 293
41 678 446 649 55 132 301
42 668 463 646 55 132 309
43 658 482 647 55 132 316
44 650 500 651 55 131 324
45 643 518 654 55 130 331
46 637 537 652 55 130 339
47 633 554 650 55 129 346
48 631 573 656 55 127 354
49 630 593 660 55 125 361
50 630 613 660 55 125 369
51 630 635 662 55 124 376
52 632 657 657 55 121 384
53 634 680 665 55 120 391
54 637 703 666 56 118 399
55 640 725 664 55 116 406
56 644 745 664 55 115 414
57 648 764 668 56 112 421
58 652 780 674 56 110 429
59 657 793 669 57 107 436
60 662 803 666 56 105 444
61 668 811 667 56 104 451
62 674 817 666 57 101 459
63 681 822 667 57 99 466
64 689 825 669 57 98 474
65 697 827 666 57 98 481
66 705 827 667 57 96 489
67 713 826 668 57 96 496
68 721 823 669 57 95 504
69 728 818 676 57 95 511
70 735 810 682 57 95 519
71 741 800 690 57 95 526
72 747 788 696 58 95 534
73 747 788 704 58 95 542
74 759 759 703 58 95 549
75 764 744 703 59 97 557
76 769 728 707 59 97 564
77 774 712 711 59 98 572
78 778 697 712 60 100 579
79 782 683 717 60 100 587
80 785 669 711 59 102 594
81 787 655 709 60 104 602
82 789 641 703 60 106 609
83 791 628 696 60 108 617
84 792 616 694 60 109 624
85 794 605 696 59 111 632
86 795 598 693 59 113 639
87 796 594 690 59 114 647
88 797 592 688 58 116 654
89 797 591 686 58 117 662
90 797 591 687 58 119 669
91 797 591 684 57 120 677
92 797 591 679 57 120 684
93 797 592 674 57 120 692
94 797 594 675 57 122 699
95 797 597 676 57 122 707
96 797 602 679 57 122 714
97 797 610 675 57 122 722
98 796 619 674 57 122 729
99 796 631 676 57 122 737
100 796 644 678 57 120 744
101 796 659 677 57 120 752
102 796 673 679 57 120 759
103 797 686 685 58 119 767
104 799 696 679 58 117 775
105 801 704 679 58 116 782
106 804 709 675 59 114 790
107 806 713 675 59 114 797
108 809 715 676 59 113 805
109 812 716 679 59 111 812
110 814 716 682 60 109 820
111 817 714 692 60 108 827
112 820 710 702 60 108 835
113 823 703 713 60 106 842
114 826 695 723 60 106 850
115 829 684 726 60 106 857
116 832 674 720 60 106 865
117 835 663 721 61 107 872
118 838 654 722 61 108 880
119 840 645 722 61 108 887
120 842 639 724 60 110 895
121 843 636 724 60 112 902
122 844 634 722 60 112 910
123 844 633 718 60 113 917
124 844 633 716 60 115 925
125 844 633 712 60 115 932
126 844 635 708 59 117 940
127 844 639 711 59 117 947
128 845 645 712 59 117 955
129 845 653 713 60 119 962
130 846 663 718 60 119 970
131 848 674 723 60 119 977
132 851 686 727 60 118 985
133 854 698 728 60 118 992
134 858 709 728 60 118 1000
135 863 719 734 60 116 1008
136 868 727 738 61 114 1015
137 874 733 741 61 113 1023
138 880 737 746 61 113 1030
139 887 739 748 61 111 1038
140 894 739 753 62 109 1045
141 901 739 757 62 107 1053
142 907 736 763 62 107 1060
143 914 732 768 62 105 1068
144 920 726 774 63 106 1075
145 927 720 781 63 106 1083
146 933 715 785 63 106 1090
147 939 712 788 63 106 1098
148 944 710 790 63 106 1105
149 950 710 791 63 106 1113
150 955 710 792 63 108 1120
151 961 712 797 63 108 1128
152 968 715 797 64 109 1135
153 975 718 799 64 109 1143
154 982 720 802 64 111 1150
155 990 722 806 64 111 1158
156 997 723 809 64 111 1165
157 1004 724 809 63 113 1173
158 1011 724 810 64 114 1180
159 1018 723 811 64 114 1188
160 1024 722 813 64 114 1195
161 1030 721 811 64 114 1203
162 1035 719 802 64 114 1210
163 1039 717 772 64 114 1218
164 1043 716 725 65 115 1225
165 1044 715 649 65 115 1233
166 1045 713 537 65 115 1241
167 1045 711 309 65 115 1248
168 1045 711 0 65 115 1256
169 1041 707 0 65 115 1263
170 1037 704 0 65 115 1271
171 1032 703 0 65 115 1278
172 1025 701 0 65 117 1286
