1 213 609 542 52 162 0
2 224 592 526 75 140 8
3 232 580 525 72 140 15
4 244 564 530 69 139 23
5 261 543 537 66 137 30
6 284 518 547 63 137 38
7 312 487 553 62 135 45
8 346 453 558 60 135 53
9 384 417 561 58 134 60
10 427 380 559 57 135 68
11 471 346 558 55 135 75
12 513 315 575 55 136 83
13 550 291 585 54 136 91
14 578 273 597 53 137 98
15 599 263 611 52 141 106
16 611 259 614 52 142 113
17 617 261 602 51 144 121
18 618 267 596 51 147 128
19 616 277 621 51 149 136
20 611 290 642 50 150 143
21 605 306 653 49 152 151
22 598 322 651 49 152 158
23 592 338 630 49 152 166
24 587 354 568 49 152 173
25 584 368 452 50 151 181
26 581 381 222 50 151 188
27 556 379 652 51 150 299
28 551 380 665 55 143 307
29 547 380 658 55 143 314
30 544 380 656 54 144 322
31 543 381 652 53 145 329
32 543 382 631 51 144 337
33 546 383 622 50 144 344
34 552 383 619 50 144 352
35 561 381 624 50 144 359
36 576 374 626 51 145 367
37 596 363 624 51 145 375
38 621 348 620 51 145 382
39 649 331 616 51 145 390
40 677 316 617 51 147 397
41 703 303 612 51 147 405
42 723 295 620 51 147 412
43 736 290 626 51 149 420
44 743 289 633 51 149 427
45 746 290 626 50 151 435
46 746 295 628 50 151 442
47 745 302 642 50 153 450
48 740 311 660 50 153 457
49 734 322 670 50 154 465
50 726 334 678 49 155 472
51 717 347 674 49 155 480
52 708 359 673 50 154 487
53 700 371 663 50 154 495
54 692 380 656 50 154 502
55 687 386 636 51 153 510
56 685 390 610 51 153 517
57 685 390 547 51 151 525
58 691 388 549 51 151 532
59 704 381 525 52 150 540
60 723 368 485 52 150 547
61 750 352 479 52 150 555
62 782 333 490 52 150 562
63 817 316 514 52 150 570
64 852 301 541 52 150 577
65 883 289 575 52 153 585
66 910 281 582 52 153 592
67 931 277 590 51 153 600
68 948 276 598 50 155 608
69 960 278 602 50 156 615
70 968 282 605 50 157 623
71 973 288 606 49 158 630
72 976 295 608 48 159 638
73 977 303 621 48 160 645
74 975 312 627 47 161 653
75 971 323 638 47 161 660
76 965 334 648 48 160 668
77 957 346 645 48 160 675
78 948 357 641 48 160 683
79 938 367 641 49 159 690
80 930 375 641 49 159 698
81 925 381 638 50 157 705
82 922 385 637 50 157 713
83 922 386 604 50 155 720
84 927 386 613 50 155 728
85 939 383 618 50 154 735
86 957 377 621 50 154 743
87 983 367 625 50 154 750
88 1016 356 624 50 153 758
89 1055 344 637 50 153 765
90 1098 333 636 50 154 773
91 1143 323 647 50 154 780
92 1187 315 641 49 155 788
93 1228 310 653 50 156 795
94 1262 308 649 49 158 803
95 1289 308 654 49 159 810
96 1308 311 658 48 161 818
97 1320 316 660 49 163 825
98 1325 323 651 48 165 833
99 1326 330 646 48 166 841
100 1325 339 647 48 167 848
101 1320 347 647 47 168 856
102 1313 356 646 47 169 863
103 1306 364 645 47 169 871
104 1297 372 643 48 169 878
105 1287 380 646 48 169 886
106 1276 387 648 48 169 893
107 1265 394 649 48 169 901
108 1256 401 651 49 168 908
109 1249 407 652 49 167 916
110 1245 411 651 49 167 923
111 1245 414 632 49 167 931
112 1247 416 627 50 167 938
113 1254 418 633 50 165 946
114 1266 419 637 50 165 953
115 1284 419 644 50 165 961
116 1307 417 654 51 165 968
117 1333 415 665 51 164 976
118 1363 412 665 51 164 983
119 1392 411 670 51 164 991
120 1419 411 677 51 165 998
121 1440 412 672 51 165 1006
122 1455 416 677 50 165 1013
123 1464 421 674 50 167 1021
124 1467 427 663 50 168 1028
125 1466 433 657 50 168 1036
126 1460 441 659 50 169 1043
127 1452 449 659 50 169 1051
128 1441 456 666 50 170 1058
129 1429 464 665 50 170 1066
130 1416 471 669 50 170 1074
131 1404 477 666 51 170 1081
132 1392 483 662 51 170 1089
133 1383 488 658 50 169 1096
134 1377 491 659 50 169 1104
135 1374 494 662 50 169 1111
136 1374 495 636 51 167 1119
137 1376 496 632 51 167 1126
138 1385 496 641 51 166 1134
139 1400 495 649 51 166 1141
140 1422 492 654 51 166 1149
141 1450 488 656 51 165 1156
142 1481 484 663 51 165 1164
143 1513 482 666 51 165 1171
144 1541 481 667 51 166 1179
145 1563 482 670 51 166 1186
146 1579 484 673 51 166 1194
147 1588 488 670 50 168 1201
148 1592 493 651 50 169 1209
149 1592 497 643 50 169 1216
150 1591 502 645 50 170 1224
151 1587 507 651 50 170 1231
152 1583 512 652 50 172 1239
153 1577 517 649 50 172 1246
154 1569 522 650 50 172 1254
155 1560 527 644 50 172 1261
156 1549 533 647 50 172 1269
157 1540 537 646 50 172 1276
158 1534 541 646 50 172 1284
159 1531 543 636 50 170 1291
160 1533 545 622 50 170 1299
161 1541 545 636 50 169 1307
162 1553 545 647 50 169 1314
163 1570 545 664 50 169 1322
164 1590 545 690 49 168 1329
165 1611 545 698 50 169 1337
166 1629 546 703 50 169 1344
167 1643 548 704 50 169 1352
168 1652 550 705 49 171 1359
169 1656 552 695 49 171 1367
170 1656 554 678 49 171 1374
171 1654 555 673 49 172 1382
172 1645 556 695 49 173 1389
173 1630 557 695 48 174 1397
174 1608 558 696 48 174 1404
175 1579 559 707 48 176 1412
176 1544 559 703 48 176 1419
177 1502 559 703 48 176 1427
178 1456 559 702 49 175 1434
179 1405 559 707 49 175 1442
180 1349 558 699 49 175 1449
181 1291 557 716 50 175 1457
182 1231 557 702 50 175 1464
183 1167 557 699 50 174 1472
184 1102 558 699 51 173 1479
185 1035 559 696 51 171 1487
186 969 561 678 51 170 1494
187 904 562 670 50 168 1502
188 841 563 666 51 166 1509
189 779 564 672 51 164 1517
190 720 565 661 51 162 1524
191 663 566 654 50 161 1532
192 608 567 653 50 160 1539
193 557 568 646 50 157 1547
194 510 568 652 50 156 1555
195 468 567 647 50 154 1562
196 433 565 656 50 153 1570
197 402 561 653 49 152 1577
198 377 557 654 49 151 1585
199 359 552 663 49 149 1592
200 346 547 680 48 150 1600
201 339 542 688 48 149 1607
202 339 538 676 47 148 1615
203 343 534 665 47 148 1622
204 356 530 667 47 147 1630
205 376 523 664 47 147 1637
206 404 515 675 47 146 1645
207 440 506 681 47 146 1652
208 484 495 672 47 146 1660
209 534 484 675 48 146 1667
210 590 472 665 48 146 1675
211 652 459 667 48 146 1682
212 719 445 684 49 146 1690
213 789 433 680 49 147 1697
214 865 421 689 50 148 1705
215 943 411 696 50 150 1712
216 1023 403 707 50 151 1720
217 1101 397 727 51 152 1727
218 1177 393 754 51 153 1735
219 1249 391 755 51 155 1742
220 1317 390 751 51 156 1750
221 1378 391 746 52 158 1757
222 1432 394 752 51 160 1765
223 1476 398 754 52 163 1772
224 1512 403 755 52 164 1780
225 1539 410 734 51 167 1788
226 1558 417 669 52 170 1795
227 1572 425 542 51 171 1803
228 1580 433 254 51 173 1810
