1 335 630 445 46 168 0
2 326 633 466 68 139 7
3 320 633 470 66 137 15
4 318 633 502 63 135 22
5 317 633 535 60 135 30
6 317 632 534 58 134 37
7 320 629 511 57 132 45
8 325 623 529 55 131 52
9 334 612 539 54 131 60
10 348 596 548 52 129 67
11 365 575 545 51 129 75
12 388 550 549 50 128 82
13 415 522 559 50 127 90
14 445 490 561 49 128 97
15 478 460 555 49 128 105
16 512 429 565 49 129 112
17 545 400 558 50 130 120
18 576 376 559 49 132 127
19 602 357 577 49 134 135
20 622 344 588 49 136 142
21 637 338 598 49 138 150
22 646 337 599 49 141 157
23 651 339 592 49 143 165
24 654 344 587 48 144 172
25 655 350 587 48 146 180
26 656 358 593 48 146 187
27 657 367 583 47 147 195
28 658 376 540 47 147 202
29 659 384 468 47 147 210
30 659 394 349 47 148 217
31 659 403 180 47 148 225
32 578 430 582 48 147 353
33 575 431 580 55 138 360
34 573 437 577 54 140 368
35 571 447 576 52 141 375
36 570 458 577 50 142 383
37 568 470 580 49 142 390
38 568 482 582 48 142 398
39 568 493 582 49 143 405
40 569 501 576 49 143 413
41 571 506 571 49 143 420
42 573 509 563 49 142 428
43 575 510 562 49 142 435
44 577 510 561 49 142 443
45 580 506 563 50 141 450
46 584 498 553 50 141 458
47 591 487 550 51 140 465
48 600 470 553 51 140 473
49 612 451 555 51 141 480
50 627 429 555 51 141 488
51 644 406 553 51 141 495
52 664 383 551 50 142 503
53 684 362 559 50 142 510
54 704 344 577 50 143 518
55 722 331 591 50 143 525
56 737 323 585 49 144 533
57 748 319 587 48 145 540
58 757 318 588 48 146 548
59 763 319 589 47 148 555
60 768 323 584 47 148 563
61 772 329 576 47 149 570
62 774 336 568 47 149 578
63 775 343 562 47 149 586
64 775 351 560 46 150 593
65 774 360 558 46 150 601
66 772 368 559 46 150 608
67 770 375 563 47 149 616
68 769 381 565 47 149 623
69 769 385 562 47 149 631
70 771 388 554 47 149 638
71 776 388 554 47 149 646
72 784 388 560 47 148 653
73 797 382 567 47 148 661
74 815 373 563 47 148 668
75 837 361 568 47 148 676
76 862 347 575 48 149 683
77 886 334 582 48 149 691
78 909 323 575 48 149 698
79 928 314 576 48 149 706
80 942 309 577 48 150 713
81 951 306 579 47 151 721
82 956 305 576 47 151 728
83 957 306 557 47 153 736
84 956 310 556 47 153 743
85 953 315 562 47 153 751
86 947 323 573 46 155 758
87 938 333 580 46 155 766
88 928 343 583 46 155 773
89 915 355 584 45 156 781
90 902 365 586 46 155 788
91 889 375 591 46 155 796
92 879 382 593 46 155 803
93 872 387 596 47 154 811
94 869 389 590 47 153 819
95 869 390 560 47 153 826
96 873 389 567 48 152 834
97 882 384 565 48 152 841
98 896 376 562 47 151 849
99 915 365 559 47 151 856
100 937 353 559 47 151 864
101 960 341 577 47 151 871
102 983 332 582 47 151 879
103 1003 326 588 48 152 886
104 1020 323 589 48 152 894
105 1034 321 593 47 153 901
106 1044 322 596 47 154 909
107 1052 325 599 47 154 916
108 1057 329 596 46 156 924
109 1059 335 590 46 156 931
110 1060 341 586 47 157 939
111 1060 348 585 46 158 946
112 1059 356 581 46 159 954
113 1055 364 586 46 159 961
114 1051 372 591 46 159 969
115 1046 380 589 46 159 976
116 1040 388 587 46 159 984
117 1036 395 588 46 159 991
118 1033 401 594 47 158 999
119 1032 406 586 47 158 1006
120 1033 410 569 47 157 1014
121 1038 412 560 48 157 1021
122 1048 412 569 48 157 1029
123 1064 410 578 48 157 1036
124 1084 405 573 48 157 1044
125 1108 399 577 48 157 1052
126 1134 393 584 48 157 1059
127 1159 389 592 48 157 1067
128 1183 386 595 48 158 1074
129 1204 385 597 48 158 1082
130 1220 385 603 48 158 1089
131 1232 388 611 47 160 1097
132 1240 393 605 47 160 1104
133 1244 400 599 47 161 1112
134 1246 408 600 46 161 1119
135 1245 416 599 47 162 1127
136 1243 425 603 47 162 1134
137 1239 434 600 47 163 1142
138 1233 442 600 47 163 1149
139 1227 451 600 47 163 1157
140 1222 458 597 47 163 1164
141 1217 464 600 47 163 1172
142 1214 468 599 47 163 1179
143 1214 471 594 47 163 1187
144 1215 474 585 47 163 1194
145 1219 476 591 47 163 1202
146 1227 478 601 47 163 1209
147 1239 479 613 47 163 1217
148 1254 480 614 47 165 1224
149 1273 481 619 47 165 1232
150 1294 482 624 47 165 1239
151 1315 484 630 47 166 1247
152 1334 487 633 47 166 1254
153 1351 491 633 47 167 1262
154 1365 496 634 47 168 1269
155 1374 501 628 47 169 1277
156 1379 507 618 47 169 1285
157 1380 513 605 48 170 1292
158 1379 519 595 49 170 1300
159 1373 524 592 49 171 1307
160 1363 530 595 49 171 1315
161 1351 536 593 49 171 1322
162 1336 542 587 49 171 1330
163 1321 547 588 49 171 1337
164 1306 551 585 49 171 1345
165 1293 554 587 49 171 1352
166 1281 556 590 49 171 1360
167 1274 557 599 49 171 1367
168 1269 557 618 48 170 1375
169 1269 557 620 48 170 1382
170 1273 557 617 47 169 1390
171 1283 556 623 47 169 1397
172 1299 553 631 47 168 1405
173 1320 550 638 47 168 1412
174 1346 546 640 47 168 1420
175 1374 542 643 47 167 1427
176 1402 539 651 47 167 1435
177 1428 539 649 47 167 1442
178 1450 539 649 47 168 1450
179 1467 539 646 47 168 1457
180 1477 541 635 46 169 1465
181 1483 542 620 46 169 1472
182 1485 543 602 47 170 1480
183 1483 543 597 47 171 1487
184 1476 543 611 47 172 1495
185 1463 543 612 47 172 1502
186 1446 543 605 46 174 1510
187 1423 544 607 46 174 1518
188 1396 545 608 46 175 1525
189 1366 547 610 47 175 1533
190 1333 549 608 47 175 1540
191 1296 550 608 47 175 1548
192 1256 552 601 47 175 1555
193 1212 554 606 47 175 1563
194 1164 556 600 47 175 1570
195 1113 558 609 47 175 1578
196 1057 560 602 48 173 1585
197 999 563 602 48 172 1593
198 939 568 612 48 172 1600
199 877 573 609 48 171 1608
200 815 580 606 48 169 1615
201 754 589 617 48 167 1623
202 694 598 614 48 166 1630
203 636 609 605 48 164 1638
204 581 618 613 49 162 1645
205 530 628 601 48 160 1653
206 485 636 600 48 158 1660
207 447 642 606 48 157 1668
208 415 646 610 47 154 1675
209 389 648 608 47 153 1683
210 371 648 618 46 152 1690
211 360 647 638 46 150 1698
212 355 646 646 46 148 1705
213 355 643 643 46 147 1713
214 361 639 627 46 146 1720
215 373 634 629 45 145 1728
216 391 627 634 45 143 1735
217 415 620 639 45 143 1743
218 445 611 650 45 143 1750
219 481 601 645 45 143 1758
220 524 589 648 45 143 1766
221 573 573 636 45 143 1773
222 629 554 651 45 145 1781
223 692 534 650 46 146 1788
224 759 513 654 46 147 1796
225 829 494 659 47 147 1803
226 901 477 676 47 148 1811
227 969 463 679 48 149 1818
228 1034 452 681 48 150 1826
229 1093 444 681 48 152 1833
230 1143 439 691 48 155 1841
231 1184 437 680 48 156 1848
232 1216 437 638 48 159 1856
233 1239 438 557 48 160 1863
234 1256 442 387 49 162 1871
235 1268 447 79 48 164 1878
