1 491 696 343 50 181 0
2 472 702 370 65 142 7
3 464 703 388 63 141 15
4 458 703 408 60 141 22
5 455 703 451 58 140 30
6 456 702 447 55 140 37
7 462 696 461 54 139 45
8 472 686 465 52 139 52
9 488 672 467 51 137 60
10 508 654 470 50 136 67
11 532 635 470 49 136 75
12 560 613 471 48 136 82
13 591 591 474 48 136 90
14 625 567 482 47 137 98
15 662 542 471 47 137 105
16 701 517 484 47 139 113
17 741 492 473 47 139 120
18 780 470 479 47 142 128
19 818 451 478 48 143 135
20 852 436 481 47 145 143
21 883 425 489 47 147 150
22 910 419 480 46 148 158
23 932 417 481 47 149 165
24 949 417 478 46 151 173
25 961 420 482 46 151 180
26 969 426 476 46 152 188
27 971 435 465 46 154 195
28 969 447 464 46 154 203
29 959 464 465 46 155 210
30 943 486 464 45 156 218
31 920 512 479 46 155 225
32 891 544 499 46 155 233
33 857 579 520 46 155 240
34 819 617 527 47 154 248
35 781 655 522 48 153 255
36 745 691 522 48 151 263
37 712 723 523 49 149 270
38 686 750 536 49 147 278
39 666 770 561 50 145 285
40 653 784 581 50 143 293
41 647 792 590 51 140 300
42 646 797 579 50 136 308
43 648 800 576 50 134 315
44 656 800 584 50 133 323
45 669 799 589 50 130 330
46 686 794 605 50 130 338
47 709 785 612 49 128 346
48 736 772 609 49 128 353
49 768 757 613 49 128 361
50 802 738 613 49 127 368
51 836 719 614 49 129 376
52 870 699 619 49 129 383
53 901 680 605 50 130 391
54 929 662 587 50 130 398
55 952 646 573 50 133 406
56 967 632 566 50 134 413
57 976 621 561 50 136 421
58 978 614 562 50 138 428
59 975 609 562 50 141 436
60 967 606 562 50 142 443
61 954 606 556 50 144 451
62 939 608 553 50 145 458
63 920 613 551 50 145 466
64 899 622 555 49 146 473
65 878 634 563 49 146 481
66 857 648 572 49 146 488
67 837 663 578 49 146 496
68 819 676 590 49 146 503
69 806 688 601 48 145 511
70 798 696 600 49 143 518
71 795 700 587 49 143 526
72 799 701 579 48 142 533
73 810 699 579 49 141 541
74 828 691 587 49 141 548
75 851 680 576 49 138 556
76 877 666 569 49 138 563
77 903 651 541 49 138 571
78 926 637 495 49 138 579
79 945 625 432 49 138 586
80 958 615 375 48 139 594
81 967 608 353 49 141 601
82 971 603 353 49 141 609
83 972 600 377 49 143 616
84 972 597 423 49 143 624
85 969 597 452 48 145 631
86 965 597 474 48 145 639
87 961 600 482 48 145 646
88 957 604 493 48 146 654
89 952 611 497 48 146 661
90 948 617 517 48 146 669
91 946 623 515 47 147 676
92 945 628 511 47 147 684
93 945 630 512 47 147 691
94 947 631 529 47 147 699
95 952 631 559 47 146 706
96 959 627 591 47 145 714
97 972 620 612 47 145 721
98 988 610 621 47 145 729
99 1009 596 632 47 145 736
100 1034 581 637 47 145 744
101 1061 562 642 47 145 751
102 1090 541 635 48 146 759
103 1122 519 633 48 146 766
104 1155 496 627 48 147 774
105 1188 472 595 48 148 781
106 1221 448 575 49 149 789
107 1252 425 556 49 151 796
108 1280 404 529 49 153 804
109 1305 384 517 49 155 812
110 1327 365 520 49 157 819
111 1343 350 517 49 159 827
112 1355 337 522 48 161 834
113 1362 328 521 49 162 842
114 1365 324 525 48 164 849
115 1365 321 534 47 165 857
116 1363 321 523 47 166 864
117 1357 325 508 46 166 872
118 1346 332 508 46 167 879
119 1330 344 509 46 167 887
120 1310 360 509 45 168 894
121 1286 380 502 45 168 902
122 1259 404 508 46 167 909
123 1231 432 532 46 166 917
124 1201 463 538 46 166 924
125 1172 495 558 47 165 932
126 1145 528 575 47 163 939
127 1122 560 579 47 163 947
128 1104 589 592 48 162 954
129 1090 614 600 48 159 962
130 1081 635 601 49 157 969
131 1076 652 603 49 155 977
132 1075 666 604 49 154 984
133 1077 678 601 49 152 992
134 1082 686 601 50 150 999
135 1091 690 601 50 148 1007
136 1103 690 602 50 148 1014
137 1120 684 604 50 146 1022
138 1141 674 601 51 145 1029
139 1165 658 608 50 144 1037
140 1192 639 610 50 144 1045
141 1219 618 617 50 144 1052
142 1246 597 626 51 145 1060
143 1271 577 616 51 145 1067
144 1292 559 614 50 146 1075
145 1309 545 614 50 148 1082
146 1322 535 617 50 150 1090
147 1329 529 606 49 152 1097
148 1332 526 595 49 152 1105
149 1334 525 570 50 153 1112
150 1334 526 545 49 155 1120
151 1332 529 537 49 155 1127
152 1328 534 541 50 156 1135
153 1322 543 541 49 157 1142
154 1313 553 544 49 157 1150
155 1302 565 550 49 157 1157
156 1291 577 557 49 157 1165
157 1282 587 563 50 156 1172
158 1275 596 567 50 156 1180
159 1271 603 565 50 156 1187
160 1271 607 555 50 156 1195
161 1273 609 555 50 155 1202
162 1278 609 558 50 154 1210
163 1287 609 562 50 154 1217
164 1298 604 567 50 154 1225
165 1311 598 573 50 154 1232
166 1325 591 577 50 154 1240
167 1337 585 569 50 154 1247
168 1345 582 563 50 154 1255
169 1351 581 556 50 155 1262
170 1353 582 542 50 155 1270
171 1353 586 539 50 155 1278
172 1351 592 542 50 155 1285
173 1347 600 548 50 156 1293
174 1343 609 551 50 156 1300
175 1340 619 558 50 156 1308
176 1336 629 569 50 156 1315
177 1333 637 581 50 156 1323
178 1331 644 589 49 157 1330
179 1330 648 594 50 156 1338
180 1330 651 597 50 156 1345
181 1329 652 596 50 156 1353
182 1329 653 595 50 156 1360
183 1331 652 611 50 156 1368
184 1338 648 645 50 155 1375
185 1349 639 656 50 155 1383
186 1365 626 657 50 155 1390
187 1387 609 668 50 155 1398
188 1412 591 679 50 155 1405
189 1440 571 668 50 155 1413
190 1470 549 658 51 157 1420
191 1501 526 649 51 157 1428
192 1533 501 634 51 157 1435
193 1565 475 608 51 158 1443
194 1597 449 606 51 159 1450
195 1630 424 599 51 160 1458
196 1661 398 592 51 162 1465
197 1690 375 590 51 164 1473
198 1715 356 596 50 165 1480
199 1735 341 606 49 167 1488
200 1750 332 613 49 170 1495
201 1760 327 609 48 171 1503
202 1765 327 588 47 172 1511
203 1767 331 555 46 175 1518
204 1766 339 534 45 176 1526
205 1760 352 527 45 177 1533
206 1749 370 525 44 178 1541
207 1730 393 525 44 178 1548
208 1708 419 533 43 178 1556
209 1682 446 550 43 179 1563
210 1655 474 563 44 179 1571
211 1629 500 593 44 179 1578
212 1604 524 617 44 179 1586
213 1582 546 637 45 177 1593
214 1563 566 642 46 176 1601
215 1547 584 653 47 174 1608
216 1536 598 659 48 172 1616
217 1530 610 652 49 171 1623
218 1528 618 641 49 168 1631
219 1530 623 634 50 167 1638
220 1536 626 633 51 164 1646
221 1545 625 633 51 162 1653
222 1559 619 643 51 160 1661
223 1576 610 645 51 160 1668
224 1597 596 654 52 160 1676
225 1620 581 640 52 158 1683
226 1645 561 635 52 158 1691
227 1669 541 635 52 158 1698
228 1693 522 644 51 160 1706
229 1714 504 650 51 160 1713
230 1732 491 648 52 162 1721
231 1745 482 652 51 164 1728
232 1754 479 647 51 164 1736
233 1760 479 629 50 165 1744
234 1764 483 601 49 167 1751
235 1765 492 588 48 169 1759
236 1764 505 583 48 170 1766
237 1760 521 578 47 171 1774
238 1754 538 572 47 172 1781
239 1745 554 570 47 172 1789
240 1735 571 569 46 174 1796
241 1725 585 576 47 174 1804
242 1716 598 584 47 174 1811
243 1709 609 589 47 174 1819
244 1706 617 591 48 173 1826
245 1705 624 590 48 173 1834
246 1706 629 594 48 173 1841
247 1712 632 603 49 172 1849
248 1721 633 623 49 172 1856
249 1734 633 640 49 171 1864
250 1751 629 644 49 171 1871
251 1770 625 657 49 171 1879
252 1789 622 654 48 171 1886
253 1806 620 655 48 170 1894
254 1818 621 656 47 170 1901
255 1827 625 649 47 170 1909
256 1833 630 639 46 172 1916
257 1835 638 630 46 172 1924
258 1835 648 625 45 172 1931
259 1830 660 621 45 173 1939
260 1821 674 620 45 174 1946
261 1806 689 620 45 175 1954
262 1786 706 615 45 175 1961
263 1758 722 619 46 176 1969
264 1725 739 619 46 176 1977
265 1683 756 623 47 177 1984
266 1636 772 623 48 178 1992
267 1585 786 627 50 178 1999
268 1529 799 621 51 178 2007
269 1472 809 632 52 176 2014
270 1412 818 632 53 175 2022
271 1352 824 632 55 174 2029
272 1291 830 651 56 171 2037
273 1230 834 640 57 169 2044
274 1169 836 638 57 167 2052
275 1109 837 651 57 166 2059
276 1049 837 637 58 162 2067
277 989 834 629 57 161 2074
278 929 830 631 58 158 2082
279 871 823 635 58 157 2089
280 813 815 633 58 154 2097
281 760 804 648 58 154 2104
282 710 793 638 58 153 2112
283 666 780 641 58 151 2119
284 628 767 640 58 151 2127
285 597 753 645 58 151 2134
286 573 736 634 57 150 2142
287 558 720 647 57 150 2149
288 550 703 659 56 151 2157
289 549 686 667 56 149 2164
290 556 669 658 56 149 2172
291 572 650 653 55 150 2179
292 595 632 652 55 150 2187
293 626 613 663 54 151 2194
294 665 595 662 54 151 2202
295 711 579 666 55 153 2209
296 763 564 650 54 153 2217
297 820 551 655 54 153 2225
298 883 540 659 54 155 2232
299 950 531 659 54 155 2240
300 1020 526 658 54 157 2247
301 1092 524 659 54 157 2255
302 1165 524 665 54 158 2262
303 1240 527 666 54 160 2270
304 1316 532 658 55 161 2277
305 1393 538 658 55 164 2285
306 1469 546 657 54 166 2292
307 1543 555 652 54 167 2300
308 1612 566 662 55 170 2307
309 1676 577 643 55 173 2315
310 1735 589 622 55 174 2322
311 1787 601 595 55 177 2330
312 1830 613 546 55 180 2337
313 1864 623 499 54 180 2345
314 1890 631 437 53 181 2352
315 1906 638 335 52 183 2360
316 1915 642 163 51 184 2367
